Spot_0 : 5145,5146,5147,5148,5345,5346,5347,5348,5545,5546,5547,5548,5745,5746,5747,5748
Spot_1 : 7144,7145,7146,7147,7343,7344,7345,7346,7538,7539,7540,7541,7730,7731,7732,7733,7923,7924
Spot_2 : 9029,9030,9201,9202,9203,9204,9374,9375,9376,9377,9542,9543,9544,9545,9708,9709,9710,9711
Spot_3 : 10692,10693,10851,10852,10853,10854,11006,11007,11008,11009,11165,11166,11167,11168,11317,11318,11319,11320
Spot_4 : 12380,12381,12382,12383,12529,12530,12531,12532,12679,12680,12681,12682,12826,12827,12828,12829,12976,12977
Spot_5 : 13841,13842,13843,13844,13988,13989,13990,13991,14131,14132,14133,14134,14276,14277,14278,14279,14423,14424
Spot_6 : 15315,15316,15473,15474,15475,15476,15632,15633,15634,15635,15794,15795,15796,15797,15958,15959,15960,15961
Spot_7 : 16984,16985,17159,17160,17161,17162,17337,17338,17339,17340,17514,17515,17516,17517,17694,17695,17696,17697
Spot_8 : 19006,19007,19008,19009,19201,19202,19203,19204,19397,19398,19399,19400,19596,19597,19598,19599,19796,19797
Spot_9 : 20995,20996,20997,20998,21195,21196,21197,21198,21395,21396,21397,21398,21595,21596,21597,21598,21796,21797
Spot_10 : 22996,22997,23195,23196,23197,23198,23395,23396,23397,23398,23595,23596,23597,23598,23795,23796,23797,23798
Spot_11 : 24994,24995,25191,25192,25193,25194,25386,25387,25388,25389,25576,25577,25578,25579,25767,25768,25769,25770
Spot_12 : 27055,27056,27057,27058,27235,27236,27237,27238,27409,27410,27411,27412,27583,27584,27585,27586,27756,27757
Spot_13 : 28743,28744,28745,28746,28903,28904,28905,28906,29060,29061,29062,29063,29215,29216,29217,29218,29373,29374
Spot_14 : 30242,30243,30383,30384,30385,30386,30524,30525,30526,30527,30665,30666,30667,30668,30806,30807,30808,30809
Spot_15 : 31645,31646,31785,31786,31787,31788,31922,31923,31924,31925,32059,32060,32061,32062,32197,32198,32199,32200
Spot_16 : 33236,33237,33238,33239,33397,33398,33399,33400,33565,33566,33567,33568,33732,33733,33734,33735,33905,33906
Spot_17 : 35004,35005,35006,35007,35202,35203,35204,35205,35401,35402,35403,35404,35601,35602,35603,35604,35802,35803
Spot_18 : 37002,37003,37201,37202,37203,37204,37401,37402,37403,37404,37601,37602,37603,37604,37801,37802,37803,37804
Spot_19 : 39201,39202,39203,39204,39401,39402,39403,39404,39601,39602,39603,39604,39801,39802,39803,39804
Spot_20 : 5155,5156,5157,5158,5355,5356,5357,5358,5359,5555,5556,5557,5558,5559,5755,5756,5757,5758
Spot_21 : 7154,7155,7156,7157,7353,7354,7355,7356,7357,7548,7549,7550,7551,7552,7740,7741,7742,7743,7933,7934
Spot_22 : 9039,9040,9041,9211,9212,9213,9214,9215,9384,9385,9386,9387,9388,9552,9553,9554,9555,9556,9719,9720,9721
Spot_23 : 10702,10703,10861,10862,10863,10864,11016,11017,11018,11019,11020,11175,11176,11177,11178,11179,11327,11328,11329,11330
Spot_24 : 12390,12391,12392,12393,12539,12540,12541,12542,12543,12689,12690,12691,12692,12693,12836,12837,12838,12839,12987
Spot_25 : 13852,13853,13854,13998,13999,14000,14001,14002,14141,14142,14143,14144,14145,14286,14287,14288,14289,14433,14434
Spot_26 : 15325,15326,15327,15483,15484,15485,15486,15487,15642,15643,15644,15645,15646,15804,15805,15806,15807,15808,15969,15970,15971
Spot_27 : 16994,16995,17169,17170,17171,17172,17347,17348,17349,17350,17351,17524,17525,17526,17527,17528,17704,17705,17706,17707
Spot_28 : 19016,19017,19018,19019,19211,19212,19213,19214,19215,19407,19408,19409,19410,19411,19606,19607,19608,19609,19807
Spot_29 : 21006,21007,21008,21205,21206,21207,21208,21209,21405,21406,21407,21408,21409,21605,21606,21607,21608,21806,21807,21808
Spot_30 : 23006,23007,23008,23205,23206,23207,23208,23405,23406,23407,23408,23409,23605,23606,23607,23608,23609,23806,23807,23808
Spot_31 : 25005,25201,25202,25203,25204,25396,25397,25398,25399,25400,25586,25587,25588,25589,25590,25777,25778,25779,25780
Spot_32 : 27065,27066,27067,27068,27245,27246,27247,27248,27249,27419,27420,27421,27422,27423,27593,27594,27595,27596,27766,27767
Spot_33 : 28754,28755,28756,28913,28914,28915,28916,28917,29070,29071,29072,29073,29074,29225,29226,29227,29228,29229,29383,29384,29385
Spot_34 : 30252,30253,30393,30394,30395,30396,30534,30535,30536,30537,30538,30675,30676,30677,30678,30679,30817,30818,30819
Spot_35 : 31656,31795,31796,31797,31798,31932,31933,31934,31935,31936,32069,32070,32071,32072,32073,32207,32208,32209,32210
Spot_36 : 33246,33247,33248,33249,33407,33408,33409,33410,33411,33575,33576,33577,33578,33579,33742,33743,33744,33745,33915,33916
Spot_37 : 35015,35016,35017,35212,35213,35214,35215,35216,35411,35412,35413,35414,35415,35611,35612,35613,35614,35615,35812,35813,35814
Spot_38 : 37012,37013,37211,37212,37213,37214,37411,37412,37413,37414,37415,37611,37612,37613,37614,37615,37811,37812,37813,37814
Spot_39 : 39211,39212,39213,39214,39411,39412,39413,39414,39415,39611,39612,39613,39614,39615,39811,39812,39813,39814
Spot_40 : 5166,5167,5168,5169,5365,5366,5367,5368,5369,5565,5566,5567,5568,5569,5766,5767,5768,5769
Spot_41 : 7165,7166,7167,7363,7364,7365,7366,7367,7558,7559,7560,7561,7562,7750,7751,7752,7753,7754,7943,7944,7945
Spot_42 : 9049,9050,9051,9221,9222,9223,9224,9225,9394,9395,9396,9397,9398,9562,9563,9564,9565,9566,9729,9730,9731
Spot_43 : 10713,10714,10871,10872,10873,10874,10875,11026,11027,11028,11029,11030,11185,11186,11187,11188,11189,11338,11339,11340
Spot_44 : 690,691,793,794,800,801,802,803,805,863,12401,12402,12549,12550,12551,12699,12700,12845,12846
Spot_45 : 284,285,286,304,305,306,314,319,320,321,322,323,731,732,759,13862,14008,14150,14151,14294,14440
Spot_46 : 291,15335,15336,15493,15494,15495,15496,15497,15652,15653,15654,15655,15656,15814,15815,15816,15817,15818,15979,15980,15981
Spot_47 : 17005,17179,17180,17181,17182,17183,17357,17358,17359,17360,17361,17534,17535,17536,17537,17538,17715,17716,17717
Spot_48 : 19027,19028,19029,19221,19222,19223,19224,19225,19417,19418,19419,19420,19421,19616,19617,19618,19619,19620,19817
Spot_49 : 21016,21017,21018,21215,21216,21217,21218,21219,21415,21416,21417,21418,21419,21615,21616,21617,21618,21619,21816,21817,21818
Spot_50 : 23016,23017,23018,23215,23216,23217,23218,23219,23415,23416,23417,23418,23419,23615,23616,23617,23618,23619,23816,23817,23818
Spot_51 : 25015,25211,25212,25213,25214,25215,25406,25407,25408,25409,25410,25596,25597,25598,25599,25600,25788,25789,25790
Spot_52 : 27076,27077,27078,27255,27256,27257,27258,27259,27429,27430,27431,27432,27433,27603,27604,27605,27606,27607,27777
Spot_53 : 28764,28765,28766,28923,28924,28925,28926,28927,29080,29081,29082,29083,29084,29235,29236,29237,29238,29239,29393,29394,29395
Spot_54 : 30262,30263,30264,30403,30404,30405,30406,30407,30544,30545,30546,30547,30548,30685,30686,30687,30688,30689,30827,30828,30829
Spot_55 : 31666,31805,31806,31807,31808,31809,31942,31943,31944,31945,31946,32079,32080,32081,32082,32083,32218,32219,32220
Spot_56 : 33257,33258,33259,33417,33418,33419,33420,33421,33585,33586,33587,33588,33589,33752,33753,33754,33755,33756,33926,33927
Spot_57 : 35025,35026,35027,35222,35223,35224,35225,35226,35421,35422,35423,35424,35425,35621,35622,35623,35624,35625,35822,35823,35824
Spot_58 : 37022,37023,37024,37221,37222,37223,37224,37225,37421,37422,37423,37424,37425,37621,37622,37623,37624,37625,37822,37823,37824
Spot_59 : 39222,39223,39224,39225,39421,39422,39423,39424,39425,39621,39622,39623,39624,39625,39822,39823,39824,39825
Spot_60 : 5176,5177,5178,5179,5375,5376,5377,5378,5379,5575,5576,5577,5578,5579,5776,5777,5778,5779
Spot_61 : 7175,7176,7177,7178,7373,7374,7375,7376,7377,7568,7569,7570,7571,7572,7761,7762,7763,7764,7954,7955
Spot_62 : 1575,1705,1706,1726,1727,1728,2321,2395,2396,9059,9060,9232,9233,9234,9235,9404,9572,9573,9574,9575
Spot_63 : 1507,1510,1513,1514,1586,1593,1693,1695,1697,1698,1709,1948,1949,1950,1953,1977,1979,1992,1993,1994
Spot_64 : 717,784,788,789,814,873,876,1748,1749,1751,1752,1757,1760,1761,1772,1916,2007,2008,12552
Spot_65 : 359,427,432,433,760,761,767,768,769,770,828,832,868,879,880,881,883,14009,14296,14297
Spot_66 : 232,238,239,264,265,266,274,335,379,403,615,617,620,621,623,625,15660,15824,15825,15987
Spot_67 : 17015,17016,17190,17191,17192,17193,17367,17368,17369,17370,17371,17544,17545,17546,17547,17548,17725,17726,17727,17728
Spot_68 : 19037,19038,19039,19040,19231,19232,19233,19234,19235,19427,19428,19429,19430,19431,19627,19628,19629,19630,19827,19828
Spot_69 : 21026,21027,21028,21225,21226,21227,21228,21229,21425,21426,21427,21428,21429,21626,21627,21628,21629,21826,21827,21828
Spot_70 : 23026,23027,23028,23226,23227,23228,23229,23425,23426,23427,23428,23429,23625,23626,23627,23628,23629,23826,23827,23828
Spot_71 : 25025,25026,25222,25223,25224,25225,25416,25417,25418,25419,25420,25606,25607,25608,25609,25610,25798,25799,25800,25801
Spot_72 : 27086,27087,27088,27089,27265,27266,27267,27268,27269,27439,27440,27441,27442,27443,27614,27615,27616,27617,27787,27788
Spot_73 : 28774,28775,28776,28933,28934,28935,28936,28937,29090,29091,29092,29093,29094,29246,29247,29248,29249,29403,29404,29405
Spot_74 : 30273,30274,30414,30415,30416,30417,30554,30555,30556,30557,30558,30695,30696,30697,30698,30699,30837,30838,30839,30840
Spot_75 : 31676,31816,31817,31818,31819,31952,31953,31954,31955,31956,32089,32090,32091,32092,32093,32228,32229,32230,32231
Spot_76 : 33267,33268,33269,33270,33427,33428,33429,33430,33431,33595,33596,33597,33598,33599,33763,33764,33765,33766,33936,33937
Spot_77 : 35035,35036,35037,35232,35233,35234,35235,35236,35431,35432,35433,35434,35435,35632,35633,35634,35635,35832,35833,35834
Spot_78 : 37033,37034,37232,37233,37234,37235,37431,37432,37433,37434,37435,37631,37632,37633,37634,37635,37832,37833,37834,37835
Spot_79 : 39232,39233,39234,39235,39431,39432,39433,39434,39435,39631,39632,39633,39634,39635,39832,39833,39834,39835
Spot_80 : 5186,5187,5188,5189,5386,5387,5388,5389,5390,5586,5587,5588,5589,5590,5786,5787,5788,5789
Spot_81 : 2429,2430,2431,2434,2436,2512,2517,2518,7185,7186,7187,7188,7384,7385,7578,7579,7771,7772,7963
Spot_82 : 2362,2363,2389,2410,2411,2412,2413,2415,2416,2424,2491,2492,2493,2495,2496,2525,2532,9405,9576
Spot_83 : 1471,1472,1473,1474,1475,1476,1497,1499,1500,1504,1554,1563,2305,2312,2541,2548,2549,11035,11193
Spot_84 : 1084,1085,1086,1087,1088,1089,1092,1463,1464,1674,1735,1736,1742,1773,1774,1777,12403,12848
Spot_85 : 136,139,140,149,150,154,155,161,164,436,605,606,631,678,1619,1623,1737,14152,14153
Spot_86 : 66,67,68,69,70,75,78,79,165,388,410,486,487,495,496,500,609,635,636
Spot_87 : 86,107,110,111,116,118,123,126,178,205,206,207,209,210,213,214,220,221,555
Spot_88 : 130,131,192,196,494,19047,19048,19049,19242,19243,19438,19439,19440,19441,19637,19638,19639,19837,19838
Spot_89 : 21036,21037,21038,21039,21236,21237,21238,21239,21436,21437,21438,21439,21440,21636,21637,21638,21639,21837,21838
Spot_90 : 23037,23038,23236,23237,23238,23239,23436,23437,23438,23439,23440,23636,23637,23638,23639,23836,23837,23838,23839
Spot_91 : 25035,25036,25232,25233,25234,25235,25427,25428,25429,25430,25431,25617,25618,25619,25620,25808,25809,25810,25811
Spot_92 : 27096,27097,27098,27099,27276,27277,27278,27279,27450,27451,27452,27453,27454,27624,27625,27626,27627,27797,27798
Spot_93 : 28784,28785,28786,28787,28944,28945,28946,28947,29101,29102,29103,29104,29105,29256,29257,29258,29259,29414,29415
Spot_94 : 30283,30284,30424,30425,30426,30427,30565,30566,30567,30568,30569,30706,30707,30708,30709,30847,30848,30849,30850
Spot_95 : 31687,31826,31827,31828,31829,31963,31964,31965,31966,31967,32100,32101,32102,32103,32238,32239,32240,32241
Spot_96 : 33277,33278,33279,33280,33438,33439,33440,33441,33606,33607,33608,33609,33610,33773,33774,33775,33776,33946,33947
Spot_97 : 35046,35047,35048,35243,35244,35245,35246,35442,35443,35444,35445,35446,35642,35643,35644,35645,35843,35844,35845
Spot_98 : 37043,37044,37242,37243,37244,37245,37442,37443,37444,37445,37446,37642,37643,37644,37645,37842,37843,37844,37845
Spot_99 : 39242,39243,39244,39245,39442,39443,39444,39445,39446,39642,39643,39644,39645,39646,39842,39843,39844,39845
Spot_100 : 5196,5197,5198,5199,5396,5397,5398,5399,5400,5596,5597,5598,5599,5600,5796,5797,5798,5799
Spot_101 : 2445,2446,7195,7196,7197,7389,7390,7391,7392,7393,7582,7583,7584,7585,7774,7775,7776,7967,7968
Spot_102 : 1526,1527,1528,1529,1532,1535,1536,1537,1539,1541,1829,2032,2333,2370,2373,2449,2455,2464,2465,2466,9062
Spot_103 : 1553,1793,1830,1845,2021,2025,2029,2092,2140,2141,2143,2148,2174,2175,2187,2188,2189,2329,11036,11346
Spot_104 : 1073,1075,1101,1114,1115,1117,1120,1121,1122,1128,1661,1666,1789,1854,1855,1885,1900,12553,12850
Spot_105 : 133,134,646,648,649,897,898,911,1042,1043,1044,1045,1046,1050,1051,1068,1641,1642,1643,13863,14441
Spot_106 : 437,438,459,463,464,476,571,572,577,955,968,974,975,980,981,1010,1011,1012,1017,1018,1019
Spot_107 : 443,444,468,470,511,512,514,515,516,527,558,559,560,562,583,586,589,595,17197,17732
Spot_108 : 531,600,19054,19055,19248,19249,19250,19251,19252,19447,19448,19449,19450,19451,19646,19647,19648,19649,19848
Spot_109 : 21047,21048,21049,21246,21247,21248,21249,21250,21446,21447,21448,21449,21450,21646,21647,21648,21649,21650,21847,21848,21849
Spot_110 : 23047,23048,23049,23246,23247,23248,23249,23250,23446,23447,23448,23449,23450,23646,23647,23648,23649,23650,23847,23848,23849
Spot_111 : 25046,25242,25243,25244,25245,25437,25438,25439,25440,25441,25627,25628,25629,25630,25631,25818,25819,25820,25821
Spot_112 : 27106,27107,27108,27109,27286,27287,27288,27289,27290,27460,27461,27462,27463,27464,27634,27635,27636,27637,27807,27808
Spot_113 : 28795,28796,28797,28954,28955,28956,28957,28958,29111,29112,29113,29114,29115,29266,29267,29268,29269,29270,29424,29425,29426
Spot_114 : 30293,30294,30295,30434,30435,30436,30437,30438,30575,30576,30577,30578,30579,30716,30717,30718,30719,30720,30858,30859,30860
Spot_115 : 31697,31836,31837,31838,31839,31973,31974,31975,31976,31977,32110,32111,32112,32113,32114,32248,32249,32250,32251
Spot_116 : 33287,33288,33289,33290,33448,33449,33450,33451,33452,33616,33617,33618,33619,33620,33783,33784,33785,33786,33956,33957
Spot_117 : 35056,35057,35058,35253,35254,35255,35256,35257,35452,35453,35454,35455,35456,35652,35653,35654,35655,35656,35853,35854,35855
Spot_118 : 37053,37054,37252,37253,37254,37255,37452,37453,37454,37455,37456,37652,37653,37654,37655,37656,37853,37854,37855
Spot_119 : 39252,39253,39254,39255,39452,39453,39454,39455,39456,39652,39653,39654,39655,39656,39852,39853,39854,39855
Spot_120 : 5207,5208,5209,5210,5406,5407,5408,5409,5410,5606,5607,5608,5609,5610,5807,5808,5809,5810
Spot_121 : 7205,7206,7207,7399,7400,7401,7402,7403,7591,7592,7593,7594,7595,7783,7784,7785,7786,7787,7976,7977,7978
Spot_122 : 1802,1806,1814,1815,1816,2049,2080,2081,2082,2086,2125,2129,2130,2343,9064,9065,9238,9239,9406,9407,9741
Spot_123 : 1875,2045,2058,2067,2070,2103,2104,2109,2181,2183,2184,2186,2198,2223,2225,2227,2228,2229,2232,11194
Spot_124 : 1143,1145,1193,1194,1195,1208,1223,1226,1232,1293,1295,1296,1310,1446,1448,1893,1895,2160,12702
Spot_125 : 1315,1344,1346,1350,1351,1352,1365,1366,1405,1406,1407,1411,1414,1418,1419,1420,1421,1422,1423,1442,1651
Spot_126 : 29,31,35,36,47,48,49,52,923,925,928,936,948,949,950,15341,15502,15661,15826,15990,15991
Spot_127 : 475,17022,17198,17199,17200,17201,17202,17376,17377,17378,17379,17555,17556,17557,17558,17559,17738,17739,17740
Spot_128 : 19063,19064,19065,19258,19259,19260,19261,19262,19457,19458,19459,19460,19461,19657,19658,19659,19660,19858
Spot_129 : 21057,21058,21059,21256,21257,21258,21259,21260,21456,21457,21458,21459,21460,21656,21657,21658,21659,21660,21857,21858,21859
Spot_130 : 23057,23058,23059,23256,23257,23258,23259,23260,23456,23457,23458,23459,23460,23656,23657,23658,23659,23660,23857,23858,23859
Spot_131 : 25056,25253,25254,25255,25256,25447,25448,25449,25450,25451,25637,25638,25639,25640,25641,25829,25830,25831
Spot_132 : 27117,27118,27119,27296,27297,27298,27299,27300,27470,27471,27472,27473,27474,27644,27645,27646,27647,27648,27818
Spot_133 : 28805,28806,28807,28964,28965,28966,28967,28968,29121,29122,29123,29124,29125,29276,29277,29278,29279,29280,29434,29435,29436
Spot_134 : 30303,30304,30305,30444,30445,30446,30447,30448,30585,30586,30587,30588,30589,30726,30727,30728,30729,30730,30868,30869,30870
Spot_135 : 31707,31847,31848,31849,31850,31983,31984,31985,31986,31987,32120,32121,32122,32123,32124,32259,32260,32261,32262
Spot_136 : 33298,33299,33300,33458,33459,33460,33461,33462,33626,33627,33628,33629,33630,33793,33794,33795,33796,33797,33967,33968
Spot_137 : 35066,35067,35068,35263,35264,35265,35266,35267,35462,35463,35464,35465,35466,35662,35663,35664,35665,35666,35863,35864,35865
Spot_138 : 37063,37064,37065,37262,37263,37264,37265,37266,37462,37463,37464,37465,37466,37662,37663,37664,37665,37666,37863,37864,37865
Spot_139 : 39263,39264,39265,39266,39462,39463,39464,39465,39466,39662,39663,39664,39665,39666,39863,39864,39865,39866
Spot_140 : 5217,5218,5219,5220,5416,5417,5418,5419,5420,5616,5617,5618,5619,5620,5817,5818,5819,5820
Spot_141 : 7215,7216,7217,7218,7409,7410,7411,7412,7413,7601,7602,7603,7604,7605,7794,7795,7796,7797,7987,7988
Spot_142 : 9073,9074,9075,9246,9247,9248,9249,9413,9414,9415,9416,9417,9580,9581,9582,9583,9745,9746,9747
Spot_143 : 2202,2207,2208,2209,2212,2213,2214,2215,2244,2245,2262,2288,2291,10724,10725,10880,10881,11039,11040,11349
Spot_144 : 1159,1161,1163,1164,1177,1178,1181,1182,1207,1218,1219,1248,1251,1253,1254,1257,2238,12405,12554
Spot_145 : 1267,1276,1277,1283,1284,1320,1369,1370,1371,1372,1373,1389,1390,1392,1396,1398,1399,1431,1432,1433
Spot_146 : 943,15345,15346,15347,15505,15506,15507,15665,15666,15667,15668,15669,15830,15831,15832,15833,15998,15999,16000
Spot_147 : 17032,17033,17209,17210,17211,17212,17385,17386,17387,17388,17389,17565,17566,17567,17568,17569,17748,17749,17750,17751
Spot_148 : 19073,19074,19075,19076,19268,19269,19270,19271,19272,19467,19468,19469,19470,19471,19667,19668,19669,19670,19868,19869
Spot_149 : 21067,21068,21069,21070,21266,21267,21268,21269,21270,21466,21467,21468,21469,21470,21667,21668,21669,21670,21868,21869
Spot_150 : 23068,23069,23267,23268,23269,23270,23466,23467,23468,23469,23470,23666,23667,23668,23669,23670,23867,23868,23869,23870
Spot_151 : 25066,25067,25263,25264,25265,25266,25457,25458,25459,25460,25461,25647,25648,25649,25650,25651,25839,25840,25841,25842
Spot_152 : 27127,27128,27129,27130,27306,27307,27308,27309,27310,27480,27481,27482,27483,27484,27655,27656,27657,27658,27828,27829
Spot_153 : 28815,28816,28817,28975,28976,28977,28978,29131,29132,29133,29134,29135,29287,29288,29289,29290,29444,29445,29446
Spot_154 : 30314,30315,30455,30456,30457,30458,30595,30596,30597,30598,30599,30736,30737,30738,30739,30740,30878,30879,30880,30881
Spot_155 : 31717,31857,31858,31859,31860,31993,31994,31995,31996,31997,32130,32131,32132,32133,32134,32269,32270,32271,32272
Spot_156 : 33308,33309,33310,33311,33468,33469,33470,33471,33472,33636,33637,33638,33639,33640,33804,33805,33806,33807,33977,33978
Spot_157 : 35076,35077,35078,35274,35275,35276,35277,35472,35473,35474,35475,35476,35673,35674,35675,35676,35873,35874,35875
Spot_158 : 37074,37075,37273,37274,37275,37276,37472,37473,37474,37475,37476,37672,37673,37674,37675,37676,37873,37874,37875,37876
Spot_159 : 39273,39274,39275,39276,39472,39473,39474,39475,39476,39672,39673,39674,39675,39676,39873,39874,39875,39876
Spot_160 : 5227,5228,5229,5230,5427,5428,5429,5430,5431,5627,5628,5629,5630,5631,5827,5828,5829,5830
Spot_161 : 7225,7226,7227,7228,7420,7421,7422,7423,7612,7613,7614,7615,7616,7804,7805,7806,7807,7997,7998
Spot_162 : 9084,9085,9086,9256,9257,9258,9259,9424,9425,9426,9427,9428,9590,9591,9592,9593,9756,9757,9758
Spot_163 : 10734,10735,10888,10889,10890,10891,11047,11048,11049,11050,11051,11199,11200,11201,11202,11203,11356,11357,11358,11359
Spot_164 : 12411,12412,12413,12414,12561,12562,12563,12564,12565,12708,12709,12710,12711,12712,12857,12858,12859,12860,13005
Spot_165 : 13870,13871,13872,13873,14013,14014,14015,14016,14158,14159,14160,14161,14162,14304,14305,14306,14307,14450,14451
Spot_166 : 15356,15357,15514,15515,15516,15517,15676,15677,15678,15679,15680,15840,15841,15842,15843,16009,16010,16011
Spot_167 : 17042,17043,17219,17220,17221,17222,17396,17397,17398,17399,17400,17576,17577,17578,17579,17580,17758,17759,17760,17761
Spot_168 : 19083,19084,19085,19086,19279,19280,19281,19282,19283,19478,19479,19480,19481,19482,19677,19678,19679,19680,19878,19879
Spot_169 : 21077,21078,21079,21080,21277,21278,21279,21280,21477,21478,21479,21480,21481,21677,21678,21679,21680,21878,21879
Spot_170 : 23078,23079,23277,23278,23279,23280,23477,23478,23479,23480,23481,23677,23678,23679,23680,23877,23878,23879,23880
Spot_171 : 25076,25077,25273,25274,25275,25276,25468,25469,25470,25471,25472,25658,25659,25660,25661,25662,25849,25850,25851,25852
Spot_172 : 27137,27138,27139,27140,27317,27318,27319,27320,27321,27491,27492,27493,27494,27495,27665,27666,27667,27668,27838,27839
Spot_173 : 28826,28827,28828,28985,28986,28987,28988,29142,29143,29144,29145,29146,29297,29298,29299,29300,29455,29456
Spot_174 : 30324,30325,30465,30466,30467,30468,30606,30607,30608,30609,30610,30747,30748,30749,30750,30888,30889,30890,30891
Spot_175 : 31728,31867,31868,31869,31870,32004,32005,32006,32007,32008,32141,32142,32143,32144,32145,32279,32280,32281,32282
Spot_176 : 33318,33319,33320,33321,33479,33480,33481,33482,33483,33647,33648,33649,33650,33651,33814,33815,33816,33817,33987,33988
Spot_177 : 35087,35088,35089,35284,35285,35286,35287,35483,35484,35485,35486,35487,35683,35684,35685,35686,35884,35885,35886
Spot_178 : 37084,37085,37283,37284,37285,37286,37483,37484,37485,37486,37487,37683,37684,37685,37686,37883,37884,37885,37886
Spot_179 : 39283,39284,39285,39286,39483,39484,39485,39486,39487,39683,39684,39685,39686,39687,39883,39884,39885,39886
Spot_180 : 5237,5238,5239,5240,5437,5438,5439,5440,5441,5637,5638,5639,5640,5641,5837,5838,5839,5840
Spot_181 : 7236,7237,7238,7430,7431,7432,7433,7434,7622,7623,7624,7625,7626,7814,7815,7816,7817,7818,8007,8008
Spot_182 : 9094,9095,9096,9266,9267,9268,9269,9270,9434,9435,9436,9437,9438,9600,9601,9602,9603,9604,9766,9767,9768
Spot_183 : 10744,10745,10898,10899,10900,10901,10902,11057,11058,11059,11060,11061,11209,11210,11211,11212,11213,11367,11368,11369
Spot_184 : 12421,12422,12423,12424,12571,12572,12573,12574,12575,12718,12719,12720,12721,12722,12867,12868,12869,12870,13015
Spot_185 : 13881,13882,13883,14023,14024,14025,14026,14027,14168,14169,14170,14171,14172,14314,14315,14316,14317,14318,14460,14461,14462
Spot_186 : 15366,15367,15368,15524,15525,15526,15527,15528,15686,15687,15688,15689,15690,15850,15851,15852,15853,15854,16019,16020,16021
Spot_187 : 17052,17053,17229,17230,17231,17232,17406,17407,17408,17409,17410,17586,17587,17588,17589,17590,17768,17769,17770,17771
Spot_188 : 19093,19094,19095,19096,19289,19290,19291,19292,19293,19488,19489,19490,19491,19492,19687,19688,19689,19690,19889
Spot_189 : 21088,21089,21090,21287,21288,21289,21290,21291,21487,21488,21489,21490,21491,21687,21688,21689,21690,21691,21888,21889,21890
Spot_190 : 23088,23089,23090,23287,23288,23289,23290,23291,23487,23488,23489,23490,23491,23687,23688,23689,23690,23691,23888,23889,23890
Spot_191 : 25087,25283,25284,25285,25286,25478,25479,25480,25481,25482,25668,25669,25670,25671,25672,25859,25860,25861,25862
Spot_192 : 27147,27148,27149,27150,27327,27328,27329,27330,27331,27501,27502,27503,27504,27505,27675,27676,27677,27678,27848,27849
Spot_193 : 28836,28837,28838,28995,28996,28997,28998,28999,29152,29153,29154,29155,29156,29307,29308,29309,29310,29311,29465,29466,29467
Spot_194 : 30334,30335,30336,30475,30476,30477,30478,30479,30616,30617,30618,30619,30620,30757,30758,30759,30760,30761,30899,30900,30901
Spot_195 : 31738,31877,31878,31879,31880,32014,32015,32016,32017,32018,32151,32152,32153,32154,32155,32289,32290,32291,32292
Spot_196 : 33329,33330,33331,33489,33490,33491,33492,33493,33657,33658,33659,33660,33661,33824,33825,33826,33827,33828,33997,33998
Spot_197 : 35097,35098,35099,35294,35295,35296,35297,35298,35493,35494,35495,35496,35497,35693,35694,35695,35696,35697,35894,35895,35896
Spot_198 : 37094,37095,37293,37294,37295,37296,37297,37493,37494,37495,37496,37497,37693,37694,37695,37696,37697,37894,37895,37896
Spot_199 : 39293,39294,39295,39296,39493,39494,39495,39496,39497,39693,39694,39695,39696,39697,39893,39894,39895,39896
Spot_200 : 5248,5249,5250,5251,5447,5448,5449,5450,5451,5647,5648,5649,5650,5651,5848,5849,5850,5851
Spot_201 : 7246,7247,7248,7440,7441,7442,7443,7444,7632,7633,7634,7635,7636,7824,7825,7826,7827,7828,8018,8019
Spot_202 : 9104,9105,9106,9276,9277,9278,9279,9280,9444,9445,9446,9447,9448,9610,9611,9612,9613,9614,9776,9777,9778
Spot_203 : 10755,10756,10908,10909,10910,10911,10912,11067,11068,11069,11070,11071,11219,11220,11221,11222,11223,11377,11378,11379
Spot_204 : 12432,12433,12434,12435,12581,12582,12583,12584,12585,12728,12729,12730,12731,12732,12878,12879,12880,12881,13025
Spot_205 : 13891,13892,13893,14033,14034,14035,14036,14037,14178,14179,14180,14181,14182,14324,14325,14326,14327,14328,14470,14471,14472
Spot_206 : 15376,15377,15378,15534,15535,15536,15537,15538,15696,15697,15698,15699,15700,15860,15861,15862,15863,15864,16029,16030,16031
Spot_207 : 17063,17064,17240,17241,17242,17243,17416,17417,17418,17419,17420,17596,17597,17598,17599,17600,17779,17780,17781,17782
Spot_208 : 19104,19105,19106,19107,19299,19300,19301,19302,19303,19498,19499,19500,19501,19502,19698,19699,19700,19701,19899
Spot_209 : 21098,21099,21100,21297,21298,21299,21300,21301,21497,21498,21499,21500,21501,21697,21698,21699,21700,21701,21898,21899,21900
Spot_210 : 23098,23099,23100,23297,23298,23299,23300,23301,23497,23498,23499,23500,23501,23697,23698,23699,23700,23701,23898,23899,23900
Spot_211 : 25097,25294,25295,25296,25297,25488,25489,25490,25491,25492,25678,25679,25680,25681,25682,25870,25871,25872,25873
Spot_212 : 27158,27159,27160,27161,27337,27338,27339,27340,27341,27511,27512,27513,27514,27515,27686,27687,27688,27689,27859,27860
Spot_213 : 28846,28847,28848,29005,29006,29007,29008,29009,29162,29163,29164,29165,29166,29317,29318,29319,29320,29321,29475,29476,29477
Spot_214 : 30344,30345,30346,30485,30486,30487,30488,30489,30626,30627,30628,30629,30630,30767,30768,30769,30770,30771,30909,30910,30911
Spot_215 : 31748,31888,31889,31890,31891,32024,32025,32026,32027,32028,32161,32162,32163,32164,32165,32300,32301,32302,32303
Spot_216 : 33339,33340,33341,33499,33500,33501,33502,33503,33667,33668,33669,33670,33671,33834,33835,33836,33837,33838,34008,34009
Spot_217 : 35107,35108,35109,35304,35305,35306,35307,35308,35503,35504,35505,35506,35507,35703,35704,35705,35706,35707,35904,35905,35906
Spot_218 : 37105,37106,37303,37304,37305,37306,37307,37503,37504,37505,37506,37507,37703,37704,37705,37706,37707,37904,37905,37906
Spot_219 : 39304,39305,39306,39307,39503,39504,39505,39506,39507,39703,39704,39705,39706,39707,39904,39905,39906,39907
Spot_220 : 5258,5259,5260,5261,5457,5458,5459,5460,5461,5657,5658,5659,5660,5661,5858,5859,5860,5861
Spot_221 : 7256,7257,7258,7259,7451,7452,7453,7454,7642,7643,7644,7645,7646,7835,7836,7837,7838,8028,8029
Spot_222 : 9114,9115,9116,9287,9288,9289,9290,9454,9455,9456,9457,9458,9621,9622,9623,9624,9786,9787,9788
Spot_223 : 10765,10766,10919,10920,10921,10922,11077,11078,11079,11080,11081,11229,11230,11231,11232,11233,11387,11388,11389,11390
Spot_224 : 12442,12443,12444,12445,12591,12592,12593,12594,12595,12738,12739,12740,12741,12742,12888,12889,12890,12891,13035
Spot_225 : 13901,13902,13903,13904,14044,14045,14046,14047,14188,14189,14190,14191,14192,14335,14336,14337,14338,14481,14482
Spot_226 : 15387,15388,15545,15546,15547,15548,15706,15707,15708,15709,15710,15871,15872,15873,15874,16039,16040,16041
Spot_227 : 17073,17074,17250,17251,17252,17253,17426,17427,17428,17429,17430,17606,17607,17608,17609,17610,17789,17790,17791,17792
Spot_228 : 19114,19115,19116,19117,19309,19310,19311,19312,19313,19508,19509,19510,19511,19512,19708,19709,19710,19711,19909,19910
Spot_229 : 21108,21109,21110,21111,21308,21309,21310,21311,21507,21508,21509,21510,21511,21708,21709,21710,21711,21909,21910
Spot_230 : 23109,23110,23308,23309,23310,23311,23507,23508,23509,23510,23511,23708,23709,23710,23711,23908,23909,23910,23911
Spot_231 : 25107,25108,25304,25305,25306,25307,25498,25499,25500,25501,25502,25688,25689,25690,25691,25692,25880,25881,25882,25883
Spot_232 : 27168,27169,27170,27171,27347,27348,27349,27350,27351,27521,27522,27523,27524,27525,27696,27697,27698,27699,27869,27870
Spot_233 : 28856,28857,28858,29016,29017,29018,29019,29172,29173,29174,29175,29176,29328,29329,29330,29331,29486,29487
Spot_234 : 30355,30356,30496,30497,30498,30499,30636,30637,30638,30639,30640,30778,30779,30780,30781,30919,30920,30921,30922
Spot_235 : 31758,31898,31899,31900,31901,32034,32035,32036,32037,32038,32171,32172,32173,32174,32175,32310,32311,32312,32313
Spot_236 : 33349,33350,33351,33352,33509,33510,33511,33512,33513,33677,33678,33679,33680,33681,33845,33846,33847,33848,34018,34019
Spot_237 : 35117,35118,35119,35315,35316,35317,35318,35513,35514,35515,35516,35517,35714,35715,35716,35717,35914,35915,35916
Spot_238 : 37115,37116,37314,37315,37316,37317,37513,37514,37515,37516,37517,37714,37715,37716,37717,37914,37915,37916,37917
Spot_239 : 39314,39315,39316,39317,39513,39514,39515,39516,39517,39713,39714,39715,39716,39717,39914,39915,39916,39917
Spot_240 : 5268,5269,5270,5271,5468,5469,5470,5471,5472,5668,5669,5670,5671,5672,5868,5869,5870,5871
Spot_241 : 7266,7267,7268,7269,7461,7462,7463,7464,7465,7653,7654,7655,7656,7657,7845,7846,7847,7848,8038,8039
Spot_242 : 9125,9126,9127,9297,9298,9299,9300,9465,9466,9467,9468,9469,9631,9632,9633,9634,9797,9798,9799
Spot_243 : 10775,10776,10929,10930,10931,10932,11088,11089,11090,11091,11092,11240,11241,11242,11243,11244,11397,11398,11399,11400
Spot_244 : 12452,12453,12454,12455,12602,12603,12604,12605,12606,12749,12750,12751,12752,12753,12898,12899,12900,12901,13046
Spot_245 : 13911,13912,13913,13914,14054,14055,14056,14057,14058,14199,14200,14201,14202,14203,14345,14346,14347,14348,14491,14492
Spot_246 : 15397,15398,15399,15555,15556,15557,15558,15717,15718,15719,15720,15721,15881,15882,15883,15884,16050,16051,16052
Spot_247 : 17083,17084,17260,17261,17262,17263,17437,17438,17439,17440,17441,17617,17618,17619,17620,17621,17799,17800,17801,17802
Spot_248 : 19124,19125,19126,19127,19320,19321,19322,19323,19324,19519,19520,19521,19522,19523,19718,19719,19720,19721,19919,19920
Spot_249 : 21118,21119,21120,21121,21318,21319,21320,21321,21322,21518,21519,21520,21521,21522,21718,21719,21720,21721,21919,21920
Spot_250 : 23119,23120,23318,23319,23320,23321,23518,23519,23520,23521,23522,23718,23719,23720,23721,23722,23918,23919,23920,23921
Spot_251 : 25117,25118,25314,25315,25316,25317,25509,25510,25511,25512,25513,25699,25700,25701,25702,25703,25890,25891,25892,25893
Spot_252 : 27178,27179,27180,27181,27358,27359,27360,27361,27362,27532,27533,27534,27535,27536,27706,27707,27708,27709,27879,27880
Spot_253 : 3260,28867,28868,28869,29026,29027,29028,29029,29183,29184,29185,29186,29187,29338,29339,29340,29341,29496,29497
Spot_254 : 2902,2911,2913,2914,2915,2938,2946,2947,2949,2950,2965,2966,30364,30505,30506,30647,30786,30787,30788,30929
Spot_255 : 3122,3347,4511,4512,4517,4526,4527,4528,4529,4530,4531,4532,4533,4539,4540,4556,4558,32178,32317
Spot_256 : 33359,33360,33361,33362,33520,33521,33522,33523,33524,33688,33689,33690,33691,33692,33855,33856,33857,33858,34028,34029
Spot_257 : 35128,35129,35130,35325,35326,35327,35328,35524,35525,35526,35527,35528,35724,35725,35726,35727,35925,35926,35927
Spot_258 : 37125,37126,37324,37325,37326,37327,37524,37525,37526,37527,37528,37724,37725,37726,37727,37728,37924,37925,37926,37927
Spot_259 : 39324,39325,39326,39327,39524,39525,39526,39527,39528,39724,39725,39726,39727,39728,39924,39925,39926,39927
Spot_260 : 5278,5279,5280,5281,5478,5479,5480,5481,5482,5678,5679,5680,5681,5682,5878,5879,5880,5881
Spot_261 : 7277,7278,7279,7471,7472,7473,7474,7475,7663,7664,7665,7666,7667,7855,7856,7857,7858,7859,8048,8049,8050
Spot_262 : 9135,9136,9137,9307,9308,9309,9310,9311,9475,9476,9477,9478,9479,9641,9642,9643,9644,9645,9807,9808,9809
Spot_263 : 10785,10786,10939,10940,10941,10942,10943,11098,11099,11100,11101,11102,11250,11251,11252,11253,11254,11408,11409,11410
Spot_264 : 12462,12463,12464,12465,12612,12613,12614,12615,12616,12759,12760,12761,12762,12763,12908,12909,12910,12911,13056
Spot_265 : 13922,13923,13924,14064,14065,14066,14067,14068,14209,14210,14211,14212,14213,14355,14356,14357,14358,14359,14501,14502,14503
Spot_266 : 15407,15408,15409,15565,15566,15567,15568,15569,15727,15728,15729,15730,15731,15891,15892,15893,15894,15895,16060,16061,16062
Spot_267 : 17094,17270,17271,17272,17273,17274,17447,17448,17449,17450,17451,17627,17628,17629,17630,17631,17810,17811,17812
Spot_268 : 19135,19136,19137,19330,19331,19332,19333,19334,19529,19530,19531,19532,19533,19728,19729,19730,19731,19930
Spot_269 : 21129,21130,21131,21328,21329,21330,21331,21332,21528,21529,21530,21531,21532,21728,21729,21730,21731,21732,21929,21930,21931
Spot_270 : 23129,23130,23131,23328,23329,23330,23331,23332,23528,23529,23530,23531,23532,23728,23729,23730,23731,23732,23929,23930,23931
Spot_271 : 25128,25324,25325,25326,25327,25519,25520,25521,25522,25523,25709,25710,25711,25712,25713,25901,25902,25903
Spot_272 : 3209,27189,27190,27191,27368,27369,27370,27371,27372,27542,27543,27544,27545,27546,27716,27717,27718,27719,27890
Spot_273 : 2822,2928,3238,3255,3256,3257,3258,3259,3267,3270,3271,3282,3283,3285,3286,3289,3291,3292,29032,29033,29346
Spot_274 : 2679,2684,2686,2687,2688,2698,2699,2700,2701,2874,2884,2885,2898,2919,2931,2936,3030,3031,3032,3063,30932
Spot_275 : 3066,3068,3072,3073,3074,3077,3078,3079,3080,3118,3123,3124,3141,3143,3147,3148,3149,3345,31769
Spot_276 : 3087,3088,4307,4308,4309,4310,4311,4312,4347,4348,4356,4383,33528,33529,33698,33864,33865,33866,34037,34038
Spot_277 : 35138,35139,35140,35335,35336,35337,35338,35339,35534,35535,35536,35537,35538,35734,35735,35736,35737,35738,35935,35936,35937
Spot_278 : 37135,37136,37137,37334,37335,37336,37337,37338,37534,37535,37536,37537,37538,37734,37735,37736,37737,37738,37935,37936,37937
Spot_279 : 39334,39335,39336,39337,39534,39535,39536,39537,39538,39734,39735,39736,39737,39738,39934,39935,39936,39937
Spot_280 : 5289,5290,5291,5292,5488,5489,5490,5491,5492,5688,5689,5690,5691,5692,5889,5890,5891,5892
Spot_281 : 7287,7288,7289,7481,7482,7483,7484,7485,7673,7674,7675,7676,7677,7866,7867,7868,7869,8059,8060
Spot_282 : 9145,9146,9147,9317,9318,9319,9320,9321,9485,9486,9487,9488,9489,9651,9652,9653,9654,9655,9817,9818,9819
Spot_283 : 10796,10797,10950,10951,10952,10953,11108,11109,11110,11111,11112,11260,11261,11262,11263,11264,11418,11419,11420,11421
Spot_284 : 12473,12474,12475,12476,12622,12623,12624,12625,12626,12769,12770,12771,12772,12773,12919,12920,12921,12922,13066
Spot_285 : 13932,13933,13934,14074,14075,14076,14077,14078,14219,14220,14221,14222,14223,14365,14366,14367,14368,14369,14511,14512,14513
Spot_286 : 15417,15418,15419,15575,15576,15577,15578,15579,15737,15738,15739,15740,15741,15901,15902,15903,15904,15905,16070,16071,16072
Spot_287 : 17104,17105,17281,17282,17283,17284,17457,17458,17459,17460,17461,17637,17638,17639,17640,17641,17820,17821,17822,17823
Spot_288 : 19145,19146,19147,19148,19340,19341,19342,19343,19344,19539,19540,19541,19542,19543,19739,19740,19741,19742,19940
Spot_289 : 21139,21140,21141,21338,21339,21340,21341,21342,21538,21539,21540,21541,21542,21738,21739,21740,21741,21742,21939,21940,21941
Spot_290 : 23139,23140,23141,23338,23339,23340,23341,23342,23538,23539,23540,23541,23542,23738,23739,23740,23741,23742,23939,23940,23941
Spot_291 : 2724,2772,2786,2787,2796,2797,2801,2802,2803,2804,2805,25138,25335,25336,25337,25529,25719,25720,25911
Spot_292 : 2728,2732,2746,2749,2752,2753,2754,2756,2757,2761,2762,2763,2764,2765,2769,2770,3202,3576,27549,27721
Spot_293 : 2635,2702,2703,2704,2741,3171,3246,3300,3301,3306,3550,3551,3555,3558,3559,3567,3570,3571,3658,28875,29034
Spot_294 : 2629,2672,2840,2841,2842,2843,2844,2851,2856,2857,3100,3101,3170,3309,3310,3311,3320,3324,3375,3376,30789
Spot_295 : 3095,3332,3335,3337,3338,4250,4264,4269,4288,4289,4371,4372,4429,4431,4465,4484,4485,4490,4492
Spot_296 : 4167,4242,4246,4248,4256,4258,4259,4260,4292,4293,4295,4332,4339,4358,4360,4443,4444,4448,4450,33530
Spot_297 : 35148,35149,35150,35345,35346,35347,35348,35349,35544,35545,35546,35547,35548,35744,35745,35746,35747,35748,35945,35946,35947
Spot_298 : 37146,37147,37345,37346,37347,37348,37544,37545,37546,37547,37548,37744,37745,37746,37747,37748,37945,37946,37947
Spot_299 : 39345,39346,39347,39348,39544,39545,39546,39547,39548,39744,39745,39746,39747,39748,39945,39946,39947,39948
Spot_300 : 5299,5300,5301,5302,5498,5499,5500,5501,5502,5698,5699,5700,5701,5702,5899,5900,5901,5902
Spot_301 : 7297,7298,7299,7300,7492,7493,7494,7495,7683,7684,7685,7686,7687,7876,7877,7878,7879,8069,8070
Spot_302 : 9155,9156,9157,9328,9329,9330,9331,9495,9496,9497,9498,9499,9662,9663,9664,9665,9827,9828,9829
Spot_303 : 10806,10807,10960,10961,10962,10963,11118,11119,11120,11121,11122,11271,11272,11273,11274,11428,11429,11430,11431
Spot_304 : 12483,12484,12485,12486,12633,12634,12635,12636,12779,12780,12781,12782,12783,12929,12930,12931,12932,13076
Spot_305 : 13942,13943,13944,13945,14085,14086,14087,14088,14229,14230,14231,14232,14233,14376,14377,14378,14379,14522,14523
Spot_306 : 15428,15429,15586,15587,15588,15589,15747,15748,15749,15750,15751,15912,15913,15914,15915,16080,16081,16082,16083
Spot_307 : 17114,17115,17291,17292,17293,17294,17467,17468,17469,17470,17471,17648,17649,17650,17651,17830,17831,17832,17833
Spot_308 : 19155,19156,19157,19158,19351,19352,19353,19354,19549,19550,19551,19552,19553,19749,19750,19751,19752,19950,19951
Spot_309 : 21149,21150,21151,21152,21349,21350,21351,21352,21548,21549,21550,21551,21552,21749,21750,21751,21752,21950,21951
Spot_310 : 23150,23151,23349,23350,23351,23352,23548,23549,23550,23551,23552,23749,23750,23751,23752,23949,23950,23951,23952
Spot_311 : 3758,3760,3761,3762,3786,3810,3811,3836,25146,25147,25342,25343,25532,25533,25534,25723,25724,25913,25914
Spot_312 : 3781,3782,3787,3802,3803,3804,3806,3807,3812,3813,3815,3816,3817,3818,3819,3833,3880,27197,27198
Spot_313 : 3660,3661,3662,3666,3667,3668,3680,3713,3715,3716,3719,3720,3721,3722,3723,3724,3728,29347,29502
Spot_314 : 2639,2640,2645,2646,2648,2649,2650,2659,2663,2665,3546,3599,3620,3890,3891,4067,4068,4069,4074
Spot_315 : 3388,3389,3391,3392,3393,3395,3427,3428,3437,4086,4088,4136,4137,4168,4176,4179,4184,32045
Spot_316 : 3365,3366,3402,3403,3413,3416,4154,4155,4156,4158,4192,4196,4197,4215,4216,4218,4219,4221,4224
Spot_317 : 35158,35159,35160,35356,35357,35358,35359,35554,35555,35556,35557,35558,35755,35756,35757,35758,35955,35956,35957
Spot_318 : 37156,37157,37355,37356,37357,37358,37554,37555,37556,37557,37558,37755,37756,37757,37758,37955,37956,37957,37958
Spot_319 : 39355,39356,39357,39358,39554,39555,39556,39557,39558,39754,39755,39756,39757,39758,39955,39956,39957,39958
Spot_320 : 5309,5310,5311,5312,5509,5510,5511,5512,5513,5709,5710,5711,5712,5713,5909,5910,5911,5912
Spot_321 : 7307,7308,7309,7310,7502,7503,7504,7505,7506,7694,7695,7696,7697,7698,7886,7887,7888,7889,8079,8080
Spot_322 : 9166,9167,9168,9338,9339,9340,9341,9506,9507,9508,9509,9510,9672,9673,9674,9675,9676,9838,9839,9840
Spot_323 : 10816,10817,10970,10971,10972,10973,11129,11130,11131,11132,11133,11281,11282,11283,11284,11285,11438,11439,11440,11441
Spot_324 : 12493,12494,12495,12496,12643,12644,12645,12646,12647,12790,12791,12792,12793,12794,12939,12940,12941,12942,13087
Spot_325 : 13952,13953,13954,13955,14095,14096,14097,14098,14099,14240,14241,14242,14243,14244,14386,14387,14388,14389,14532,14533
Spot_326 : 15438,15439,15440,15596,15597,15598,15599,15758,15759,15760,15761,15762,15922,15923,15924,15925,15926,16091,16092,16093
Spot_327 : 17124,17125,17301,17302,17303,17304,17478,17479,17480,17481,17482,17658,17659,17660,17661,17662,17840,17841,17842,17843
Spot_328 : 19165,19166,19167,19168,19361,19362,19363,19364,19365,19560,19561,19562,19563,19564,19759,19760,19761,19762,19960,19961
Spot_329 : 21160,21161,21162,21359,21360,21361,21362,21363,21559,21560,21561,21562,21563,21759,21760,21761,21762,21960,21961,21962
Spot_330 : 23160,23161,23162,23359,23360,23361,23362,23559,23560,23561,23562,23563,23759,23760,23761,23762,23763,23960,23961,23962
Spot_331 : 25156,25157,25350,25351,25352,25353,25540,25541,25542,25543,25544,25731,25732,25733,25734,25735,25920,25921,25922,25923
Spot_332 : 3734,3769,3952,3956,3957,3958,3959,3960,4002,4006,4010,4011,27200,27201,27202,27376,27377,27550,27551,27722
Spot_333 : 2607,3610,3740,3936,3937,3942,3943,3944,3947,3980,3981,3982,3987,3988,3989,3991,3992,3993,29035,29349
Spot_334 : 2617,2658,4023,4024,4025,4026,4027,4032,4573,4574,4580,4582,4583,4585,4741,4905,4917,30648,30936,30937
Spot_335 : 3443,3446,3447,3472,3491,4052,4053,4055,4091,4092,4107,4115,4117,4122,4886,4915,4916,32046,32183
Spot_336 : 3454,3455,3456,3457,3464,3506,3521,3522,3525,3530,3531,33365,33532,33533,33699,33700,33870,33871,33872,34046
Spot_337 : 35167,35168,35169,35365,35366,35367,35368,35369,35565,35566,35567,35568,35569,35765,35766,35767,35768,35966,35967,35968
Spot_338 : 37166,37167,37365,37366,37367,37368,37565,37566,37567,37568,37569,37765,37766,37767,37768,37769,37965,37966,37967,37968
Spot_339 : 39365,39366,39367,39368,39565,39566,39567,39568,39569,39765,39766,39767,39768,39769,39965,39966,39967,39968
Spot_340 : 5319,5320,5321,5322,5519,5520,5521,5522,5523,5719,5720,5721,5722,5723,5919,5920,5921,5922
Spot_341 : 7318,7319,7320,7512,7513,7514,7515,7516,7704,7705,7706,7707,7708,7896,7897,7898,7899,7900,8089,8090,8091
Spot_342 : 9176,9177,9178,9348,9349,9350,9351,9352,9516,9517,9518,9519,9520,9682,9683,9684,9685,9686,9848,9849,9850
Spot_343 : 10826,10827,10980,10981,10982,10983,10984,11139,11140,11141,11142,11143,11291,11292,11293,11294,11295,11449,11450,11451
Spot_344 : 12504,12505,12506,12653,12654,12655,12656,12657,12800,12801,12802,12803,12804,12949,12950,12951,12952,12953,13097
Spot_345 : 13963,13964,13965,14105,14106,14107,14108,14109,14250,14251,14252,14253,14254,14396,14397,14398,14399,14400,14542,14543,14544
Spot_346 : 15448,15449,15450,15606,15607,15608,15609,15610,15768,15769,15770,15771,15772,15932,15933,15934,15935,15936,16101,16102,16103
Spot_347 : 17135,17311,17312,17313,17314,17315,17488,17489,17490,17491,17492,17668,17669,17670,17671,17672,17851,17852,17853
Spot_348 : 19176,19177,19178,19371,19372,19373,19374,19375,19570,19571,19572,19573,19574,19769,19770,19771,19772,19773,19971
Spot_349 : 21170,21171,21172,21369,21370,21371,21372,21373,21569,21570,21571,21572,21573,21769,21770,21771,21772,21773,21970,21971,21972
Spot_350 : 23170,23171,23172,23369,23370,23371,23372,23373,23569,23570,23571,23572,23573,23769,23770,23771,23772,23773,23970,23971,23972
Spot_351 : 25167,25360,25361,25362,25363,25364,25550,25551,25552,25553,25554,25741,25742,25743,25744,25745,25931,25932,25933
Spot_352 : 27210,27211,27212,27383,27384,27385,27386,27387,27557,27558,27559,27560,27561,27729,27730,27731,27732,27733,27901
Spot_353 : 4599,4652,4655,4657,4658,4674,4675,4676,4677,4688,4693,4694,28879,28880,29036,29037,29038,29193,29194,29350,29503
Spot_354 : 4592,4593,4594,4595,4600,4601,4605,4616,4617,4624,4648,4649,4668,4712,4723,4726,4728,4731,4938,30508,30649
Spot_355 : 4133,4748,4766,4769,4770,4771,4772,4795,4796,4797,4806,4808,4845,4847,4849,4891,4892,4893,4894
Spot_356 : 33372,33373,33374,33539,33540,33541,33542,33543,33706,33707,33708,33709,33710,33878,33879,33880,33881,33882,34054,34055
Spot_357 : 35177,35178,35179,35375,35376,35377,35378,35379,35575,35576,35577,35578,35579,35775,35776,35777,35778,35779,35976,35977,35978
Spot_358 : 37176,37177,37178,37375,37376,37377,37378,37379,37575,37576,37577,37578,37579,37775,37776,37777,37778,37779,37976,37977,37978
Spot_359 : 39375,39376,39377,39378,39575,39576,39577,39578,39579,39775,39776,39777,39778,39779,39975,39976,39977,39978
Spot_360 : 5330,5331,5332,5333,5529,5530,5531,5532,5533,5729,5730,5731,5732,5733,5930,5931,5932,5933
Spot_361 : 7328,7329,7330,7331,7522,7523,7524,7525,7526,7714,7715,7716,7717,7718,7907,7908,7909,7910,8100,8101
Spot_362 : 9186,9187,9188,9358,9359,9360,9361,9362,9526,9527,9528,9529,9530,9692,9693,9694,9695,9696,9858,9859,9860
Spot_363 : 10837,10838,10991,10992,10993,10994,11149,11150,11151,11152,11153,11301,11302,11303,11304,11305,11459,11460,11461,11462
Spot_364 : 12514,12515,12516,12517,12663,12664,12665,12666,12667,12810,12811,12812,12813,12814,12960,12961,12962,12963,13107
Spot_365 : 13973,13974,13975,14115,14116,14117,14118,14119,14260,14261,14262,14263,14264,14407,14408,14409,14410,14553,14554
Spot_366 : 15458,15459,15460,15616,15617,15618,15619,15620,15778,15779,15780,15781,15782,15942,15943,15944,15945,15946,16111,16112,16113
Spot_367 : 17145,17146,17322,17323,17324,17325,17498,17499,17500,17501,17502,17678,17679,17680,17681,17682,17861,17862,17863,17864
Spot_368 : 19186,19187,19188,19189,19381,19382,19383,19384,19385,19580,19581,19582,19583,19584,19780,19781,19782,19783,19981
Spot_369 : 21180,21181,21182,21379,21380,21381,21382,21383,21579,21580,21581,21582,21583,21780,21781,21782,21783,21980,21981,21982
Spot_370 : 23180,23181,23182,23380,23381,23382,23383,23579,23580,23581,23582,23583,23779,23780,23781,23782,23783,23980,23981,23982
Spot_371 : 25177,25371,25372,25373,25374,25560,25561,25562,25563,25564,25751,25752,25753,25754,25755,25941,25942,25943,25944
Spot_372 : 27220,27221,27222,27223,27393,27394,27395,27396,27397,27567,27568,27569,27570,27571,27740,27741,27742,27743,27911,27912
Spot_373 : 28888,28889,28890,29044,29045,29046,29047,29048,29199,29200,29201,29202,29203,29356,29357,29358,29359,29360,29507,29508,29509
Spot_374 : 4047,4609,4610,4721,4835,30370,30371,30510,30511,30512,30650,30651,30652,30653,30791,30792,30793,30794,30940
Spot_375 : 4809,4829,4859,4860,4861,4862,4863,4864,4865,4870,4871,4872,31909,31910,32048,32049,32185,32321,32322
Spot_376 : 33382,33383,33384,33385,33549,33550,33551,33552,33553,33716,33717,33718,33719,33720,33889,33890,33891,33892,34065,34066
Spot_377 : 35187,35188,35189,35385,35386,35387,35388,35389,35585,35586,35587,35588,35589,35785,35786,35787,35788,35789,35986,35987,35988
Spot_378 : 37187,37188,37386,37387,37388,37389,37585,37586,37587,37588,37589,37785,37786,37787,37788,37789,37986,37987,37988,37989
Spot_379 : 39386,39387,39388,39389,39585,39586,39587,39588,39589,39785,39786,39787,39788,39789,39986,39987,39988,39989
Spot_380 : 5340,5341,5342,5343,5540,5541,5542,5543,5740,5741,5742,5743,5940,5941,5942,5943
Spot_381 : 7338,7339,7340,7341,7533,7534,7535,7536,7725,7726,7727,7728,7917,7918,7919,7920,8110,8111
Spot_382 : 9197,9198,9369,9370,9371,9372,9537,9538,9539,9540,9703,9704,9705,9706,9868,9869,9870,9871
Spot_383 : 10847,10848,11001,11002,11003,11004,11160,11161,11162,11163,11312,11313,11314,11315,11469,11470,11471,11472
Spot_384 : 12524,12525,12526,12527,12674,12675,12676,12677,12821,12822,12823,12824,12970,12971,12972,12973,13117,13118
Spot_385 : 13983,13984,13985,13986,14126,14127,14128,14129,14271,14272,14273,14274,14417,14418,14419,14420,14563,14564
Spot_386 : 15469,15470,15627,15628,15629,15630,15789,15790,15791,15792,15953,15954,15955,15956,16121,16122,16123,16124
Spot_387 : 17155,17156,17332,17333,17334,17335,17509,17510,17511,17512,17689,17690,17691,17692,17871,17872,17873,17874
Spot_388 : 19196,19197,19198,19199,19392,19393,19394,19395,19591,19592,19593,19594,19790,19791,19792,19793,19991,19992
Spot_389 : 21190,21191,21192,21193,21390,21391,21392,21393,21590,21591,21592,21593,21790,21791,21792,21793,21991,21992
Spot_390 : 23191,23192,23390,23391,23392,23393,23590,23591,23592,23593,23790,23791,23792,23793,23990,23991,23992,23993
Spot_391 : 25187,25188,25381,25382,25383,25384,25571,25572,25573,25574,25762,25763,25764,25765,25951,25952,25953,25954
Spot_392 : 27230,27231,27232,27233,27404,27405,27406,27407,27578,27579,27580,27581,27750,27751,27752,27753,27921,27922
Spot_393 : 28898,28899,28900,28901,29055,29056,29057,29058,29210,29211,29212,29213,29367,29368,29369,29370,29518,29519
Spot_394 : 30379,30380,30519,30520,30521,30522,30660,30661,30662,30663,30801,30802,30803,30804,30948,30949,30950,30951
Spot_395 : 31781,31782,31917,31918,31919,31920,32054,32055,32056,32057,32192,32193,32194,32195,32329,32330,32331,32332
Spot_396 : 33392,33393,33394,33395,33560,33561,33562,33563,33727,33728,33729,33730,33899,33900,33901,33902,34075,34076
Spot_397 : 35197,35198,35199,35200,35396,35397,35398,35399,35596,35597,35598,35599,35796,35797,35798,35799,35997,35998
Spot_398 : 37197,37198,37396,37397,37398,37399,37596,37597,37598,37599,37796,37797,37798,37799,37996,37997,37998,37999
Spot_399 : 39396,39397,39398,39399,39596,39597,39598,39599,39796,39797,39798,39799,39996,39997,39998,39999
